1 8 1 4 0 4 2 -1 1 1 6 0 4 2 -1 7 0 4 1 1 2 -1 2 2 8 0 8 1
2 11 1 7 2 15 0 -1 13 0 6 1 2 2 -1 7 1 9 0 10 2 -1 5 2 1 0 11 1 -1 4 2 18 1 -1 4 0 8 2 18 1
3 7 0 10 1 4 2 -1 2 2 3 1 5 0 -1 9 0 7 1 3 2 -1 3 2 6 1 18 0
4 1 2 2 1 5 0 -1 10 0 1 2 3 1 -1 14 0
5 16 0 4 1 19 2 -1 13 2 9 0 -1 7 1 14 0 2 2 -1 5 1 18 2 4 0 -1 7 0 2 2 3 1 -1 8 2 12 1
6 3 2 8 1 -1 4 0 5 1 -1 5 0 8 2 5 1 -1 8 2 4 1 -1 3 0 7 1 2 2
7 7 0 2 2 -1 5 0 6 1 -1 10 0 -1 2 2 12 0 2 1 -1 4 0 1 2 1 1 -1 9 1 2 2 10 0
8 3 0 7 1 3 2 -1 2 1 3 2 3 0 -1 3 2 4 1 1 0 -1 3 2 3 0 -1 2 2 6 1 -1 2 0 7 1 1 2
9 5 0 6 1 -1 6 0 -1 2 2 3 1 9 0 -1 6 1 2 2
10 5 0 8 2 5 1 -1 15 0 6 1 7 2 -1 8 2 6 0 5 1 -1 5 1 2 2 -1 12 0 6 2 -1 6 1 16 0 6 2
11 3 0 7 2 -1 2 0 3 2 6 1 -1 4 0 5 1 2 2
12 15 1 6 0 2 2 -1 3 0 8 1 9 2 -1 8 2 2 0 7 1 -1 5 0 11 1 6 2
13 1 2 -1 1 1 6 0 -1 8 0 3 2 -1 5 2 8 0 2 1
14 4 1 1 2 -1 8 2 5 1 1 0 -1 2 1 8 2 3 0
15 7 2 9 0 8 1 -1 9 1 12 2 5 0 -1 8 1 10 2 2 0
16 1 2 1 0 14 1 -1 6 1 4 2 1 0 -1 16 2 14 1 -1 6 1 2 0 9 2 -1 1 0 1 2 -1 2 0 13 1 7 2
17 1 0 9 1 -1 9 0 5 2 2 1 -1 2 0 8 1 5 2 -1 5 2 1 1 3 0 -1 3 1 5 2 -1 3 0 5 2 9 1
18 3 2 5 0 3 1 -1 8 2 14 1 -1 3 2 11 0 -1 2 2 10 0 9 1
19 7 1 8 2 10 0 -1 1 1 10 0 2 2 -1 6 2 4 0 11 1 -1 7 0 4 1 -1 6 2 4 0 -1 4 1 2 0 3 2
20 5 0 -1 16 2 4 1 7 0 -1 1 0 1 1 4 2 -1 3 2 4 1 7 0 -1 5 2 2 0 3 1 -1 17 2 5 0
21 11 0 4 1 4 2 -1 11 0 5 2 2 1 -1 11 0 13 1 2 2 -1 13 1 6 0 5 2 -1 7 1 4 2 8 0 -1 6 0 8 2 14 1
22 2 1 1 0 6 2 -1 3 2 2 1 -1 7 1 10 0 -1 10 0 7 2 5 1
23 14 1 8 2 -1 2 0 5 1 -1 8 0 16 1 10 2 -1 1 1 7 0 8 2 -1 15 1 5 0 -1 15 1 2 0 5 2
24 4 2 1 1 1 0 -1 1 2 8 1 3 0 -1 4 0 9 2 4 1
25 2 2 1 1 3 0 -1 2 1 4 0 -1 2 1 1 2
26 3 0 5 1 4 2 -1 5 1 8 2 -1 1 2 3 1 3 0 -1 7 2 2 0
27 13 0 9 1 6 2 -1 19 2 9 0 4 1 -1 14 0 4 1 11 2 -1 5 1 12 2 7 0
28 9 1 4 2 15 0 -1 18 2 14 0 12 1 -1 14 0 12 2 3 1 -1 6 2 7 1 15 0 -1 17 2 6 1 9 0 -1 7 0 12 1
29 17 0 2 2 9 1 -1 5 2 15 0 11 1 -1 13 0 3 1 5 2 -1 4 1 11 0 1 2 -1 5 1 1 2
30 3 1 12 2 -1 15 0 2 2 6 1 -1 12 0 11 2 10 1 -1 9 2 7 1 14 0 -1 1 1 7 0 5 2
31 6 1 7 0 18 2 -1 2 1 3 2 10 0 -1 9 2 8 0 -1 18 2 10 1 4 0 -1 14 2 11 0 10 1
32 7 1 1 0 5 2 -1 5 1 3 2 -1 6 2 5 1 -1 5 0 11 1 6 2
33 9 2 5 0 -1 2 2 -1 6 0 8 2 -1 10 2 4 1 6 0 -1 2 0 4 1 -1 1 0 6 2 2 1
34 1 0 6 1 -1 3 1 6 0 2 2 -1 2 0 2 2 1 1 -1 5 1 1 0 2 2
35 7 0 2 1 4 2 -1 4 0 2 1 3 2 -1 14 1 2 2 5 0 -1 14 1 2 0 3 2 -1 5 1 2 0 1 2 -1 2 1 8 0 3 2
36 7 1 1 0 1 2 -1 3 2 6 1 9 0 -1 2 2 17 0 -1 18 0 2 1
37 6 0 14 2 -1 3 1 2 2 -1 18 2 6 0 -1 3 0 18 2 3 1
38 6 2 8 0 -1 9 2 1 1 1 0 -1 2 1 10 2 1 0
39 9 0 2 1 -1 7 0 2 2 2 1 -1 2 2 1 0 8 1
40 15 1 1 2 1 0 -1 3 2 1 0 6 1 -1 2 2 11 1 -1 2 2 11 1 -1 3 1 4 2 1 0 -1 2 2 6 1
41 4 2 9 1 -1 11 1 1 2 7 0 -1 1 0 3 2 17 1 -1 17 1 2 0 -1 2 2 16 1 8 0 -1 1 2 8 1 3 0
42 7 1 15 2 2 0 -1 1 1 5 2 5 0 -1 4 1 6 0 -1 4 0 4 2 1 1 -1 1 2 4 0
43 10 1 6 2 8 0 -1 9 1 9 0 4 2 -1 6 2 3 1 6 0 -1 8 2 16 1 7 0
44 14 0 14 2 -1 11 0 1 2 -1 1 1 9 0 15 2 -1 1 1 10 0
45 10 2 5 0 -1 1 1 2 0 11 2 -1 2 2 10 0 1 1
46 10 0 9 1 5 2 -1 9 1 2 0 5 2 -1 3 2 14 0 4 1 -1 2 0 1 1 6 2 -1 2 0 9 2 4 1 -1 5 1 2 2 11 0
47 9 0 5 1 1 2 -1 3 0 1 1 -1 8 0 2 2 10 1 -1 9 1 9 0 2 2 -1 13 1 3 2 6 0
48 15 2 3 0 8 1 -1 2 2 -1 12 1 7 2 1 0
49 9 2 3 0 2 1 -1 12 1 17 2 2 0 -1 3 1 1 0 8 2 -1 16 2 3 1 3 0
50 17 2 2 0 14 1 -1 18 2 12 1 -1 13 2 6 0 8 1 -1 4 2 6 0 4 1
51 3 2 8 1 4 0 -1 5 2 5 1 4 0 -1 2 0 8 2 2 1 -1 8 1 3 2 -1 9 1 5 2 1 0
52 9 0 5 1 6 2 -1 3 0 8 1 -1 2 0 3 2 6 1 -1 8 0 4 2 2 1
53 6 1 13 2 -1 4 0 7 1 -1 2 1 7 0 -1 11 0 2 2 -1 12 2 9 1 8 0
54 3 0 3 2 3 1 -1 3 1 2 0 1 2 -1 13 2 3 1 -1 5 0 4 1 13 2 -1 4 1 7 2 9 0
55 15 2 3 1 2 0 -1 1 0 8 1 -1 19 2 7 1 -1 4 1 19 2 -1 9 2 7 1 2 0
56 1 2 9 1 11 0 -1 3 2 12 1 2 0 -1 1 2 12 1 4 0 -1 16 1 3 2 3 0 -1 18 0 9 1
57 7 2 6 0 3 1 -1 11 0 5 2 4 1 -1 9 2 1 1 5 0
58 17 1 17 0 6 2 -1 10 0 13 2 1 1 -1 7 0 14 1 -1 6 0 2 2 8 1 -1 13 0 13 2 4 1
59 1 1 4 0 1 2 -1 1 0 1 1 -1 1 0 -1 4 2 -1 6 0 6 2 1 1
60 7 2 17 0 8 1 -1 12 1 6 0 8 2 -1 1 0 9 2 12 1
61 2 1 15 2 2 0 -1 1 1 9 2 12 0 -1 12 0 3 1 19 2
62 17 0 1 2 -1 5 1 16 2 14 0 -1 3 0 7 2 -1 8 2 3 0 1 1
63 9 0 9 2 -1 10 2 6 0 9 1 -1 11 1 1 2 13 0 -1 6 1 13 2 9 0
64 16 2 2 0 -1 9 2 -1 10 0 1 2 4 1
65 1 2 18 1 -1 19 1 1 0 -1 10 1 1 2 1 0
66 12 2 5 1 13 0 -1 3 1 3 2 -1 1 1 1 2 11 0
67 5 0 2 1 -1 7 0 3 2 -1 1 1 8 0 6 2 -1 2 0 5 2 -1 8 0 6 2
68 8 1 6 0 18 2 -1 8 1 6 0 3 2 -1 4 0 14 2 11 1
69 6 2 3 0 1 1 -1 4 1 6 0 6 2 -1 2 1 13 0 -1 9 0 5 2 6 1 -1 2 1 11 0 -1 6 1 2 0 1 2
70 7 2 18 1 12 0 -1 17 1 2 0 8 2 -1 17 0 13 1 2 2 -1 1 0 2 1 7 2
71 3 2 1 0 15 1 -1 13 1 2 0 8 2 -1 7 1 12 2 -1 7 2 12 1 -1 7 2 5 1
72 6 2 18 0 -1 1 2 4 1 3 0 -1 11 0 3 1 -1 6 2 5 0 13 1 -1 11 1 16 0 5 2 -1 3 1 5 2
73 18 0 1 2 3 1 -1 4 2 4 0 4 1 -1 1 2 3 0 -1 2 0 1 1
74 5 0 -1 12 0 4 1 -1 4 1 5 0 -1 2 0 1 2 4 1
75 2 0 2 2 6 1 -1 2 2 6 1 -1 3 1 1 0
76 6 1 1 2 12 0 -1 2 1 2 0 3 2 -1 3 1 10 0 3 2 -1 3 2 16 0 11 1 -1 15 0 5 2 7 1 -1 4 1 4 0 3 2
77 14 1 4 2 11 0 -1 12 2 9 0 19 1 -1 10 1 4 2
78 1 2 11 0 -1 1 2 14 1 4 0 -1 7 1 3 2 5 0
79 3 0 13 2 -1 14 2 5 0 5 1 -1 1 1 7 2 2 0 -1 5 1 13 2 3 0 -1 7 2 5 0 2 1
80 2 1 11 2 -1 2 0 12 2 1 1 -1 11 2 11 1 -1 2 1 12 2 1 0
81 8 2 5 1 1 0 -1 1 0 6 2 4 1 -1 6 1 10 2 -1 2 0 9 2 2 1 -1 6 2 2 1 -1 6 1 9 2 2 0
82 13 0 12 1 3 2 -1 4 2 4 0 1 1 -1 4 1 8 0 2 2 -1 7 0 13 1
83 2 1 8 0 1 2 -1 2 2 6 0 8 1 -1 5 1 1 2
84 6 0 18 2 5 1 -1 3 1 15 2 2 0 -1 6 0 6 2 8 1 -1 1 0 4 2 2 1 -1 2 2 5 1
85 3 0 11 1 2 2 -1 3 2 6 1 -1 2 0 4 1 4 2 -1 1 2 3 0 10 1 -1 4 2 7 1 4 0
86 7 1 16 2 -1 4 2 1 1 7 0 -1 6 0 15 1 9 2 -1 7 1 9 0 2 2 -1 14 1 2 2
87 8 0 3 2 8 1 -1 3 0 1 2 8 1 -1 6 0 5 1 -1 2 0 6 1 2 2 -1 6 1 2 0
88 1 2 4 0 12 1 -1 4 0 1 2 14 1 -1 1 2 10 1 4 0 -1 1 2 10 0 9 1
89 7 1 6 0 10 2 -1 4 0 5 1 -1 2 1 13 2 2 0
90 16 2 2 1 10 0 -1 4 1 7 0 14 2 -1 4 2 11 1 3 0 -1 3 0 10 2 3 1
91 7 1 7 0 4 2 -1 14 0 11 2 -1 16 0 8 1 15 2
92 5 2 12 0 3 1 -1 2 2 8 1 5 0 -1 5 2 10 1 -1 11 1 6 0 4 2 -1 5 0 4 1 4 2
93 4 2 3 1 5 0 -1 7 0 17 2 -1 8 2 7 1 -1 17 2 1 1 -1 2 0 6 2 2 1 -1 15 2 3 0 4 1
94 9 1 3 0 2 2 -1 3 1 6 0 -1 13 1 4 0 2 2 -1 7 1 -1 4 1 7 0 -1 2 0 9 1 2 2
95 3 1 11 0 5 2 -1 6 2 8 1 -1 9 1 6 2 -1 6 0 1 1
96 3 2 3 1 10 0 -1 2 2 12 0 -1 4 0 3 2 -1 2 1 3 0 1 2 -1 2 1 6 2
97 5 2 3 1 2 0 -1 2 2 3 1 5 0 -1 12 0 3 2
98 2 2 2 0 9 1 -1 4 1 5 2 1 0 -1 15 1 3 0 9 2
99 15 0 7 1 11 2 -1 2 2 12 1 17 0 -1 6 0 3 2 11 1 -1 14 0 13 1 5 2
100 5 1 17 2 5 0 -1 15 2 -1 13 1 8 0 3 2 -1 16 2 15 1 8 0 -1 16 1 2 2 3 0